# BioXArena: Benchmarking LLM Agents on Multi-Modal Biomedical Machine Learning Tasks - Extracted Text

- Source note: [[BioXArena - Benchmarking LLM Agents on Multi-Modal Biomedical Machine Learning Tasks]]
- Source PDF: `assets/BioXArena - Benchmarking LLM Agents on Multi-Modal Biomedical Machine Learning Tasks.pdf`
- Extracted: 2026-05-18
- Extractor: pypdf
- Pages: 69
- Quality note: 自动抽取为纯文本；公式、表格、图、脚注、参考文献和双栏阅读顺序可能有损失。精读引用仍需回到 PDF 页码 / section 校验。

## Page 1

BioXArena: Benchmarking LLM Agents on
Multi-Modal Biomedical Machine Learning Tasks
Loka Li1, Duzhen Zhang 1∗ , Xingbo Du 1, Leonard Song 1, Zixiao Wang 1
Assanali Aukenov1,Noel Thomas 1,Shakhnazar Sailaukan 1,Yonghan Yang 1
Feilong Chen2,Jiahua Dong 1,Kun Zhang 1,3,Bin Zhang 1,Le Song 1∗
1 Mohamed bin Zayed University of Artificial Intelligence
2 University of Chinese Academy of Sciences 3 Carnegie Mellon University
Abstract
Large language model (LLM) agents can now automate parts of machine-learning
model building, but biomedical benchmarks still either emphasize question answer-
ing, reasoning, and tool use, or cover only narrow slices of biomedical ML coding.
We introduce BioXArena, a biomedical machine learning (BioML) coding bench-
mark that evaluates whether agents can create task-specific model-building code for
heterogeneous, often multi-modal biomedical datasets. It contains 76 end-to-end
tasks across 9 domains: sequence, single-cell, structure, network biology, chemical
biology, perturbation dynamics, phenotype–disease, imaging, and text-integrated
tasks. Each task is curated from primary sources into a unified public capsule with
hidden labels, held-out graders, and biology-aware metrics on a common 0-to-1
scale; agents must write runnable code, train models, and submit predictions for
private test samples. BioXArena emphasizes realistic data interfaces: most tasks
combine multiple input sources, and more than half are multi-modal, spanning
tables, images, text, molecular sequences, omics matrices, and protein structures.
We evaluate 11 agent configurations, including general coding LLMs, biomedical
agents, and ML coding agents, in a shared 2-hour, single-GPU sandbox. MLEvolve
with Gemini-3.1-Pro obtains the highest average score of 0.666, followed by GPT-
5.4 with an average score of 0.636; no agent dominates across all domains. Beyond
the main leaderboard, we conduct extensive ablation studies, robustness checks,
scaling analyses, cost analyses, and failure-mode analyses to characterize how
backbones, scaffolds, budgets, and domains affect BioML coding performance. We
will release all tasks, graders, runner scripts, leaderboard results, and agent traces.
Project Homepage
 Code
 Dataset
1 Introduction
Large language model (LLM) agents are rapidly moving from passive question answering toward
active scientific work: they can inspect files, write and repair code, call tools, run experiments,
and iterate on results [1–3]. In machine learning, this shift is already measurable: agents can now
automate substantial parts of the model-building loop, from data inspection and feature engineering
to training, debugging, and iterative evaluation [ 4]. The stakes are especially high in biomedical
computing, where useful agents could help build models for molecules, cells, images, proteins,
patients, and biological text [5, 6]. Yet progress in this setting depends on the right benchmark: one
that tests not only biological knowledge, but also whether an agent can turn heterogeneous biomedical
data into a predictive model with meaningful evaluation under realistic computational constraints.
∗Corresponding authors
Preprint.
arXiv:2605.15766v1  [cs.CE]  15 May 2026

## Page 2

(a) Expert-Driven Curation
3. Unified Public Task CapsulesTrain/test data, task description, sample submission. 4. Hidden Private LabelsGround truth labels, grading function.
(b) 9 Biomedical Domains, 76 TasksSequenceSingle Cell3D StructureNetworkBiologyChemical BiologyPerturbation DynamicsPhenotype DiseaseImaging IntegratedText Integrated
(c) Evaluating11 Agent Configurations4Closed-source LLMsGPT-5.4  Gemini-3.1-Pro Claude-Opus-4.6Qwen3.6-Plus 3 Open-source LLMsGLM-5.1Gemma-4-31BDeepSeek-V3.22 Biomedical AgentsBiomniSTELLA2 ML Coding AgentsMLEvolveML-Master 2.0
(d) ExecutionSandbox Runtime2h wall-clock and 1 GPU per task, unified condaenvironmentOutputSubmission.csv→Held-out grader
(e) Metrics & AnalysisEvaluation Metrics (9 Types)Pearson / Spearman / AccuracyMacro-F1 / ROC-AUC / AUPRC  C-index / Dice / TM-scoreAnalysis OutputLeaderboard | Domain Heatmap Failure Taxonomy | Cost Analysis
1. SourcesTop Journals, Conferences&Popular databases2. ML + Biology ExpertsData filtering, selection, preprocessing, and splitting 
Figure 1:Overview of BioXArena. (a) Tasks are curated from journals, conferences, and public
databases by ML and biology experts, then packaged as unified public task capsules with hidden
private labels and graders. (b) The resulting benchmark contains 76 tasks across 9 biomedical ML
domains. (c) The evaluation covers 11 agents, grouped into closed-source general LLMs, open-source
general LLMs, biomedical agents, and ML coding agents. (d) All agents run under the same 2-hour,
single-GPU sandbox and submit a submission.csv to held-out task-specific graders. (e) Nine
evaluation metrics feed the leaderboard, domain heatmaps, failure taxonomy, and cost analysis.
Current benchmarks cover only parts of this landscape. See Table 1 for comparison. Broadly,
they fall into two groups with different deliverables. Biomedical reasoning and understanding
benchmarks ask agents to use existing knowledge, tools, databases, protocols, or models to answer
biological questions or produce analysis traces: LAB-Bench [7] emphasizes literature and database
QA, BixBench [8] focuses on computational-biology analysis questions, BioAgent Bench [9] tests
bioinformatics pipeline orchestration, BioProBench [ 10] evaluates biological-protocol reasoning,
and BiomniBench [11] scores multi-step biological analysis traces. Biomedical machine learning
(BioML) coding benchmarks instead ask agents to create a task-specific executable solution for
a new dataset, including data loading, model training, and held-out prediction: MLE-bench [ 12]
evaluates generic machine learning (ML) competition solving, AIRS-Bench [13] includes a small set
of biomedical ML tasks from research papers, and BioML-bench [14] directly studies end-to-end
biomedical ML model building. Together, they leave a clear gap: BioML-coding benchmarks remain
narrow in biomedical breadth, task count, modalities, or native formats, while reasoning/tool-use
benchmarks stop at answers, protocols, pipelines, or analysis traces without requiring agents to train
predictive models and submit held-out predictions. App. A1 provides more detailed related work.
To address this gap, BioXArena evaluates agents on complete BioML model-building tasks. As shown
in Figure 1, we start from primary biomedical sources and work with ML and biology experts to select,
clean, split, and standardize tasks into public capsules with hidden private labels. The benchmark
contains 76 tasks across 9 domains, with 8–10 tasks per domain. Its inputs span conventional multi-
modal media (tables, images, and text) and biology-specific modalities, such as DNA/RNA/protein
sequences, omics matrices, and protein 3D structures. Agents receive the task description, public
train/test data, and a sample submission file; they must write runnable code that produces predictions,
which are scored by held-out graders using biology-aware, task-specific metrics chosen for each
task’s target and output type. For every metric, a higher reported score means better performance.
Scores share a common 0-to-1 scale: Pearson/Spearman correlations are linearly normalized from
[−1,1] to [0,1] , while other metrics already in [0,1] are used directly without further normalization.
The main experiment comparison includes 11 methods. To evaluate seven strong LLMs with reported
coding ability, we build a simple shared agent framework for four closed-source models (GPT-5.4 [15],
Claude Opus 4.6 [16], Qwen3.6-Plus [17], and Gemini-3.1-Pro [18]) and three open-source models
(GLM-5.1 [19], Gemma-4-31B [20], and DeepSeek-V3.2 [21]). This framework calls the model API
for Python code, executes the code to train models and write submission files, validates outputs, and
returns errors for iterative repair. The remaining four agents are full agent frameworks: Biomni [5],
2

## Page 3

Table 1:Biomedical benchmark comparison.Most biomedical benchmarks fall into two categories:
reasoning and coding. The upper rows show biomedical reasoning tasks, while the lower rows present
BioML coding tasks involving model training and held-out sample prediction. We report biomedical
task counts, domain coverage, per-task input multi-modality (percentage and count), and data sources;
superscripts clarify non-obvious counting or subset decisions. Extended benchmark descriptions are
given in App. A1, with BioXArena’s multi-modality and multi-source input discussed in App. A2.1.
Benchmark BioML
coding #Bio. Tasks #Bio. domains Per-task
multi-modal Data sources
LAB-Bench [7]✗2,457 8 (LitQA2, FigQA, etc.) 9.2% (226/2,457) Biology papers, databases
BixBench [8]✗61 1 (computational biology / bioinformatics) 0.0% (0/61) Bioinformatics scenarios
BioAgent Bench [9]✗10 7 (RNA-seq, variant calling, etc.) 0.0% (0/10) Bioinformatics pipelines
BioProBench [10]✗556K a 17 (cell biology, bioimaging, genomics, etc.) 0.0% (0/556K) Biological protocols
BiomniBench [11]✗15 b 3 (oncology, neurodegen., cardiovascular) 100.0% (15/15) Biology papers
AIRS-Bench [13]✓5 c 1 (molecular property prediction; QM9 / ZINC) 0.0% (0/5) ML papers
MLE-bench [12]✓12 d 2 (imaging, chemical biology) 25.0% (3/12) Kaggle
BioML-bench [14]✓24 4 (drug discovery, imaging, single-cell, protein) 29.2% (7/24) Kaggle, Polaris, OpenProblems
BioXArena (ours)✓76 9 (chemical biology, single-cell, structure, etc.) 60.5% (46/76) Biology/ML papers, databases
a BioProBench evaluates procedural biological-protocol understanding, instantiated as 556,171 text instances over 26,933 protocols; no ML
model is trained. b BiomniBench is a trace-based, multi-stepanalytical-decision benchmark scored by an LLM judge across data loading,
method selection, and reasoning quality; the public preview (Biomni-DA-v0) ships 15 data-analysis tasks. c Only the 5 molecular-property
tasks of AIRS-Bench’s 20 total are counted (4 QM9 quantum-chemistry targets + 1 ZINC graph regression); the other 15 are non-biomedical
tasks. d Only 12 biomedical tasks of MLE-bench’s 75 Kaggle competitions are counted; the remaining 63 are general ML tasks.
STELLA [6], MLEvolve [22], and MLMaster-2.0 [23]. They run the BioML workflow end to end.
All runs use the same 2-hour, single-GPU sandbox. We report backbone-controlled ablations, cost
profiles, and failure analyses in dedicated sections, separating model strength, scaffold design, and
practical deployment cost under the same time and hardware budget to enable a fair comparison.
Our contributions are three-fold: (i) We curate and standardize a BioML-coding benchmark dataset
with 76 tasks across 9 biomedical domains, with most tasks combining multiple input sources and
more than half requiring multi-modal integration. This makes BioXArena closer to the heterogeneous
data interfaces used in real biomedical ML research. (ii) We build a unified benchmark framework for
task-capsule data access, sandboxed agent execution, held-out grading, biology-aware score reporting,
and leaderboard comparison across domains and agent families. (iii) We conduct a comprehensive
11-agent evaluation with domain-level, task-level, failure-mode, timing, cost, and same-backbone
analyses. The results identify current challenges in biomedical ML agents, including execution
reliability, modality handling, and scaffold/backbone trade-offs. We will release the full task data,
code, evaluation traces, and public leaderboard for reproducibility and community comparison.
2 The BioXArena Benchmark
BioXArena is organized around a simple principle: an LLM agent should solve a biomedical ML task
by writing and running code that trains a predictive model. This section gives a compact overview
of how tasks are curated, organized, packaged, scored, and released. Dataset-facing details appear
first in the appendices: task catalogue and modality audit (App. A2.1), primary sources (App. A2.2),
storage (App. A2.3), and ethics/licensing (App. A2.4). Execution and scoring details then follow in
App. A2.5, App. A2.6, and App. A2.7, keeping the main text focused on benchmark design.
Curation pipeline.As shown in Figure 1, task construction is an expert-driven curation process. A
group of BioML researchers and biology domain experts proposed tasks from established workflows
and public resources; two senior BioML scientists then reviewed the task list for practical feasibility,
scientific relevance, challenge, and ground-truth quality. For accepted tasks, we select compatible
sources, clean and split data with leakage-aware controls, define the prediction target and submission
schema, and lock hidden test labels and evaluators before any agent run formally begins.
Domain taxonomy.Biomedical ML is methodologically fragmented, so we divide BioXArena
into nine domains: sequence, single-cell, structure, network biology, chemical biology, perturbation
dynamics, phenotype–disease, imaging, and text-integrated tasks. Sequence and single-cell each
contain 10 tasks, while each of the other seven domains contains 8, keeping major BioML subfields
visible on the leaderboard. Heterogeneous input handling is central: a task is multi-source if each
instance exposes at least two input sources or channels (70/76 tasks). Multi-modal tasks span distinct
3

## Page 4

Sequence
Single Cell
3D Structure
NetworkChemicalPerturbation
Phenotype
ImagingText
#Tasks: 846G
#Tasks: 818M#Tasks: 858M
#Tasks: 8345M
#Tasks: 83.4G
#Tasks: 836G
#Tasks: 811G#Tasks: 101.8G
#Tasks: 106.1G
BioXArena9 Domains76 TasksMulti-modal: 46/76Multi-source: 70/76Storage size: 104G

		 
 
	 
		 
 
	
0
 	 
    
+&)#&
	




!%',+*&,)*')+*"
(,%
!%###
+),+,)
+-&)"
 $!#
)+,)+!&%
 %&+/'
$!%
.+
,#+!$&#
%!$&#
Figure 2:BioXArena domain, storage, and input heterogeneity. Left:domain-level composition
of the 76 tasks across nine BioML domains, with per-domain task counts and public storage footprints.
Right:per-task input-source count versus public-capsule storage size on a log10 scale; colors indicate
domains and marker shapes distinguish multi-modal from uni-modal tasks. The domain/task catalogue
and modality audit are in App. A2.1, and storage definitions are in App. A2.3 for reference.
modality families, including tables, images, text, sequences, omics matrices, and 3D structures (46/76
tasks). Thus multi-source is broader than multi-modal. Figure 2 summarizes the domain composition,
storage footprint, and input heterogeneity; the full task catalogue, terminology discussion (multi-
source vs. multi-modal), modality audit, and data-format summary are collected in App. A2.1.
Dataset statistics.Across 76 public task capsules, BioXArena occupies 104.08 GiB on disk and
draws from more than 40 primary sources. Task sizes vary widely because we keep each dataset in
its native biomedical format: molecule and network tasks are often small tables, whereas imaging,
single-cell, and structure tasks include large image volumes, matrix files, or coordinate structures.
We release the public package on Hugging Face and as a checksummed tarball; hidden labels and
evaluator scripts are released separately so future submissions can be scored without exposing answers.
Per-task statistics, source audits, and storage breakdowns are documented in App. A2.1, App. A2.2,
and App. A2.3 for reproducible inspection and downstream reuse by users.
Ethical considerations: consent, privacy, bias, and usage.We treat data ethics as part of task
construction. Tasks are derived from public, de-identified, or controlled-access resources whose
terms permit academic non-commercial benchmark use; sources that do not allow raw redistribution
are released only in a data-access-guarded form. We do not redistribute identifiable patient records,
and benchmark scores should be interpreted as agent-evaluation outcomes rather than clinical claims.
BioXArena is intended for biomedical ML-agent research, not for diagnosis, treatment selection, or
other high-stakes deployment; the full ethics and licensing statement is in App. A2.4 for details.
Task format and agent interface.Each task is a self-contained public capsule with a
description.md, sample_submission.csv, public train/test inputs, and any native-format assets
needed for modelling; hidden labels and task-specific evaluators remain separate. During evaluation,
an agent receives the task path and a fixed prompt, runs in a no-internet sandbox with the assigned
CPU/GPU budget, trains a model, and writes submission.csv. The interface follows the held-out
prediction setup of MLE-bench [ 12] and BioML-bench [ 14], adapted to BioXArena with a 2 h
wall-clock cap, bounded repair attempts, and full logging of attempts, submissions, errors, and token
usage; details are in App. A2.5 and App. A2.6 for reproducibility and trace analysis after evaluation.
Metrics and evaluator.Each task has a designated primary metric matched to its biological output:
correlation for continuous or rank-sensitive regression; accuracy, macro-F1, ROC-AUC, macro
ROC-AUC, and AUPRC for classification or rare-positive ranking; and C-index, mean Dice, or
TM-score for survival, segmentation, and structure prediction. Scores are oriented so larger is better
and reported on a common 0-to-1 scale: raw Pearson and Spearman correlations range from -1 to
4

## Page 5

(a) Mean(succ) — score on Eval-OK tasks
MLEvolve
STELLA
GPT-5.4
GLM-5.1
Claude-Opus-4.6
Gemini-3.1-Pro
Gemma-4-31B
Biomni
ML-Master-2.0
Qwen3.6-Plus
DeepSeek-V3.2
76.5 79.8 75.0 51.0 86.9 80.1 57.3 60.6 61.1
75.3 79.9 55.0 49.7 87.8 74.0 57.4 74.4 64.1
74.8 67.3 83.6 50.7 86.6 62.6 57.3 68.7 56.5
72.1 75.3 82.4 51.1 89.4 67.2 65.0 58.6 39.3
73.9 70.9 83.0 50.9 80.7 66.6 58.0 65.6 56.5
74.5 68.1 73.8 51.0 82.7 64.0 56.0 63.5 60.7
71.0 75.9 73.0 57.4 85.3 57.0 54.8 65.4 39.0
65.7 80.8 65.0 49.7 82.6 71.7 62.5 65.9 47.4
73.8 69.3 54.4 50.9 90.6 66.2 55.7 71.9 47.1
67.3 76.4 66.6 50.9 84.4 58.1 52.8 71.1 43.6
64.1 65.1 63.9 49.6 58.4 57.4 45.9 67.6 42.0
70.3
68.5
68.1
67.2
66.9
66.3
66.1
65.7
65.2
64.2
57.4
SequenceSingle-cellStructureNetworkChemicalPerturbationPhenotypeImaging
Text
Avg
(b) Mean(fail=0) — failed/unsubmitted = 0
MLEvolve
GPT-5.4
STELLA
Gemini-3.1-Pro
GLM-5.1
Qwen3.6-Plus
ML-Master-2.0
Biomni
Claude-Opus-4.6
Gemma-4-31B
DeepSeek-V3.2
76.5 79.8 75.0 51.0 86.9 60.1 50.2 60.6 53.4
74.8 67.3 83.6 50.7 86.6 39.1 50.1 60.1 56.5
67.7 55.9 48.1 49.7 87.8 55.5 57.4 65.1 64.1
59.6 68.1 73.8 51.0 82.7 40.0 49.0 63.5 60.7
64.9 75.3 82.4 51.1 89.4 33.6 48.7 51.3 39.3
60.5 76.4 66.6 44.5 84.4 36.3 52.8 62.2 43.6
73.8 55.4 40.8 50.9 90.6 57.9 48.8 62.9 41.2
52.6 64.6 56.9 49.7 72.3 62.8 54.7 65.9 41.5
66.5 49.6 72.6 50.9 60.5 41.6 50.7 65.6 56.5
56.8 68.3 73.0 43.0 74.6 21.4 41.1 49.0 29.3
25.7 52.1 39.9 43.4 36.5 14.4 28.7 50.7 26.2
66.6
63.6
61.3
61.1
60.1
59.1
58.4
57.9
57.2
51.3
35.5
SequenceSingle-cellStructureNetworkChemicalPerturbationPhenotypeImaging
Text
Avg
0
25
50
75
100
Cell Score (%)
(a) Mean(succ) — score on Eval-OK tasks
MLEvolve
STELLA
GPT-5.4
GLM-5.1
Claude-Opus-4.6
Gemini-3.1-Pro
Gemma-4-31B
Biomni
ML-Master-2.0
Qwen3.6-Plus
DeepSeek-V3.2
76.5 79.8 75.0 51.0 86.9 80.1 57.3 60.6 61.1
75.3 79.9 55.0 49.7 87.8 74.0 57.4 74.4 64.1
74.8 67.3 83.6 50.7 86.6 62.6 57.3 68.7 56.5
72.1 75.3 82.4 51.1 89.4 67.2 65.0 58.6 39.3
73.9 70.9 83.0 50.9 80.7 66.6 58.0 65.6 56.5
74.5 68.1 73.8 51.0 82.7 64.0 56.0 63.5 60.7
71.0 75.9 73.0 57.4 85.3 57.0 54.8 65.4 39.0
65.7 80.8 65.0 49.7 82.6 71.7 62.5 65.9 47.4
73.8 69.3 54.4 50.9 90.6 66.2 55.7 71.9 47.1
67.3 76.4 66.6 50.9 84.4 58.1 52.8 71.1 43.6
64.1 65.1 63.9 49.6 58.4 57.4 45.9 67.6 42.0
70.3
68.5
68.1
67.2
66.9
66.3
66.1
65.7
65.2
64.2
57.4
SequenceSingle-cellStructureNetworkChemicalPerturbationPhenotypeImaging
Text
Avg
(b) Mean(fail=0) — failed/unsubmitted = 0
MLEvolve
GPT-5.4
STELLA
Gemini-3.1-Pro
GLM-5.1
Qwen3.6-Plus
ML-Master-2.0
Biomni
Claude-Opus-4.6
Gemma-4-31B
DeepSeek-V3.2
76.5 79.8 75.0 51.0 86.9 60.1 50.2 60.6 53.4
74.8 67.3 83.6 50.7 86.6 39.1 50.1 60.1 56.5
67.7 55.9 48.1 49.7 87.8 55.5 57.4 65.1 64.1
59.6 68.1 73.8 51.0 82.7 40.0 49.0 63.5 60.7
64.9 75.3 82.4 51.1 89.4 33.6 48.7 51.3 39.3
60.5 76.4 66.6 44.5 84.4 36.3 52.8 62.2 43.6
73.8 55.4 40.8 50.9 90.6 57.9 48.8 62.9 41.2
52.6 64.6 56.9 49.7 72.3 62.8 54.7 65.9 41.5
66.5 49.6 72.6 50.9 60.5 41.6 50.7 65.6 56.5
56.8 68.3 73.0 43.0 74.6 21.4 41.1 49.0 29.3
25.7 52.1 39.9 43.4 36.5 14.4 28.7 50.7 26.2
66.6
63.6
61.3
61.1
60.1
59.1
58.4
57.9
57.2
51.3
35.5
SequenceSingle-cellStructureNetworkChemicalPerturbationPhenotypeImaging
Text
Avg
0
25
50
75
100
Cell Score (%)
(a) Mean(succ) — score on Eval-OK tasks
MLEvolve
STELLA
GPT-5.4
GLM-5.1
Claude-Opus-4.6
Gemini-3.1-Pro
Gemma-4-31B
Biomni
ML-Master-2.0
Qwen3.6-Plus
DeepSeek-V3.2
76.5 79.8 75.0 51.0 86.9 80.1 57.3 60.6 61.1
75.3 79.9 55.0 49.7 87.8 74.0 57.4 74.4 64.1
74.8 67.3 83.6 50.7 86.6 62.6 57.3 68.7 56.5
72.1 75.3 82.4 51.1 89.4 67.2 65.0 58.6 39.3
73.9 70.9 83.0 50.9 80.7 66.6 58.0 65.6 56.5
74.5 68.1 73.8 51.0 82.7 64.0 56.0 63.5 60.7
71.0 75.9 73.0 57.4 85.3 57.0 54.8 65.4 39.0
65.7 80.8 65.0 49.7 82.6 71.7 62.5 65.9 47.4
73.8 69.3 54.4 50.9 90.6 66.2 55.7 71.9 47.1
67.3 76.4 66.6 50.9 84.4 58.1 52.8 71.1 43.6
64.1 65.1 63.9 49.6 58.4 57.4 45.9 67.6 42.0
70.3
68.5
68.1
67.2
66.9
66.3
66.1
65.7
65.2
64.2
57.4
SequenceSingle-cellStructureNetworkChemicalPerturbationPhenotypeImaging
Text
Avg
(b) Mean(fail=0) — failed/unsubmitted = 0
MLEvolve
GPT-5.4
STELLA
Gemini-3.1-Pro
GLM-5.1
Qwen3.6-Plus
ML-Master-2.0
Biomni
Claude-Opus-4.6
Gemma-4-31B
DeepSeek-V3.2
76.5 79.8 75.0 51.0 86.9 60.1 50.2 60.6 53.4
74.8 67.3 83.6 50.7 86.6 39.1 50.1 60.1 56.5
67.7 55.9 48.1 49.7 87.8 55.5 57.4 65.1 64.1
59.6 68.1 73.8 51.0 82.7 40.0 49.0 63.5 60.7
64.9 75.3 82.4 51.1 89.4 33.6 48.7 51.3 39.3
60.5 76.4 66.6 44.5 84.4 36.3 52.8 62.2 43.6
73.8 55.4 40.8 50.9 90.6 57.9 48.8 62.9 41.2
52.6 64.6 56.9 49.7 72.3 62.8 54.7 65.9 41.5
66.5 49.6 72.6 50.9 60.5 41.6 50.7 65.6 56.5
56.8 68.3 73.0 43.0 74.6 21.4 41.1 49.0 29.3
25.7 52.1 39.9 43.4 36.5 14.4 28.7 50.7 26.2
66.6
63.6
61.3
61.1
60.1
59.1
58.4
57.9
57.2
51.3
35.5
SequenceSingle-cellStructureNetworkChemicalPerturbationPhenotypeImaging
Text
Avg
0
25
50
75
100
Cell Score (%)
(a) Avg. score on successful tasks(b) Penalized avg. score on all tasks
(c) Success and failure breakdown on all tasks
(a) Avg. score on successful tasks
MLEvolvege
STELLAcla
GPT-5.4
GLM-5.1
Claude-Opus-4.6
Gemini-3.1-Pro
Gemma-4-31B
Biomnicla
MLMaster-2.0dv4
Qwen3.6-Plus
DeepSeek-V3.2
76.5 79.8 75.0 51.0 86.9 80.1 57.3 60.6 61.1
75.3 79.9 55.0 49.7 87.8 74.0 57.4 74.4 64.1
74.8 67.3 83.6 50.7 86.6 62.6 57.3 68.7 56.5
72.1 75.3 82.4 51.1 89.4 67.2 65.0 58.6 39.3
73.9 70.9 83.0 50.9 80.7 66.6 58.0 65.6 56.5
74.5 68.1 73.8 51.0 82.7 64.0 56.0 63.5 60.7
71.0 75.9 73.0 57.4 85.3 57.0 54.8 65.4 39.0
65.7 80.8 65.0 49.7 82.6 71.7 62.5 65.9 47.4
73.8 69.3 54.4 50.9 90.6 66.2 55.7 71.9 47.1
67.3 76.4 66.6 50.9 84.4 58.1 52.8 71.1 43.6
64.1 65.1 63.9 49.6 58.4 57.4 45.9 67.6 42.0
70.3
68.5
68.1
67.2
66.9
66.3
66.1
65.7
65.2
64.2
57.4
SequenceSingle-cellStructureNetworkChemicalPerturbationPhenotypeImaging
Text
Avg
(b) Penalized avg. score on all tasks
MLEvolvege
GPT-5.4
STELLAcla
Gemini-3.1-Pro
GLM-5.1
Qwen3.6-Plus
MLMaster-2.0dv4
Biomnicla
Claude-Opus-4.6
Gemma-4-31B
DeepSeek-V3.2
76.5 79.8 75.0 51.0 86.9 60.1 50.2 60.6 53.4
74.8 67.3 83.6 50.7 86.6 39.1 50.1 60.1 56.5
67.7 55.9 48.1 49.7 87.8 55.5 57.4 65.1 64.1
59.6 68.1 73.8 51.0 82.7 40.0 49.0 63.5 60.7
64.9 75.3 82.4 51.1 89.4 33.6 48.7 51.3 39.3
60.5 76.4 66.6 44.5 84.4 36.3 52.8 62.2 43.6
73.8 55.4 40.8 50.9 90.6 57.9 48.8 62.9 41.2
52.6 64.6 56.9 49.7 72.3 62.8 54.7 65.9 41.5
66.5 49.6 72.6 50.9 60.5 41.6 50.7 65.6 56.5
56.8 68.3 73.0 43.0 74.6 21.4 41.1 49.0 29.3
25.7 52.1 39.9 43.4 36.5 14.4 28.7 50.7 26.2
66.6
63.6
61.3
61.1
60.1
59.1
58.4
57.9
57.2
51.3
35.5
SequenceSingle-cellStructureNetworkChemicalPerturbationPhenotypeImaging
Text
Avg
0
25
50
75
100
Cell Score (%)
(a) Avg. score on successful tasks
MLEvolvege
STELLAcla+ge
Biomnicla
MLMaster-2.0dv4
GPT-5.4
GLM-5.1
Claude-Opus-4.6
Gemini-3.1-Pro
Gemma-4-31B
Qwen3.6-Plus
DeepSeek-V3.2
76.5 79.8 75.0 51.0 86.9 80.1 57.3 60.6 61.1
75.3 79.9 55.0 49.7 87.8 74.0 57.4 74.4 64.1
65.7 80.8 65.0 49.7 82.6 71.7 62.5 65.9 47.4
73.8 69.3 54.4 50.9 90.6 66.2 55.7 71.9 47.1
74.8 67.3 83.6 50.7 86.6 62.6 57.3 68.7 56.5
72.1 75.3 82.4 51.1 89.4 67.2 65.0 58.6 39.3
73.9 70.9 83.0 50.9 80.7 66.6 58.0 65.6 56.5
74.5 68.1 73.8 51.0 82.7 64.0 56.0 63.5 60.7
71.0 75.9 73.0 57.4 85.3 57.0 54.8 65.4 39.0
67.3 76.4 66.6 50.9 84.4 58.1 52.8 71.1 43.6
64.1 65.1 63.9 49.6 58.4 57.4 45.9 67.6 42.0
70.3
68.5
65.7
65.2
68.1
67.2
66.9
66.3
66.1
64.2
57.4
SequenceSingle-cellStructureNetworkChemicalPerturbationPhenotypeImaging
Text
Avg
(b) Penalized avg. score on all tasks
MLEvolvege
STELLAcla+ge
MLMaster-2.0dv4
Biomnicla
GPT-5.4
Gemini-3.1-Pro
GLM-5.1
Qwen3.6-Plus
Claude-Opus-4.6
Gemma-4-31B
DeepSeek-V3.2
76.5 79.8 75.0 51.0 86.9 60.1 50.2 60.6 53.4
67.7 55.9 48.1 49.7 87.8 55.5 57.4 65.1 64.1
73.8 55.4 40.8 50.9 90.6 57.9 48.8 62.9 41.2
52.6 64.6 56.9 49.7 72.3 62.8 54.7 65.9 41.5
74.8 67.3 83.6 50.7 86.6 39.1 50.1 60.1 56.5
59.6 68.1 73.8 51.0 82.7 40.0 49.0 63.5 60.7
64.9 75.3 82.4 51.1 89.4 33.6 48.7 51.3 39.3
60.5 76.4 66.6 44.5 84.4 36.3 52.8 62.2 43.6
66.5 49.6 72.6 50.9 60.5 41.6 50.7 65.6 56.5
56.8 68.3 73.0 43.0 74.6 21.4 41.1 49.0 29.3
25.7 52.1 39.9 43.4 36.5 14.4 28.7 50.7 26.2
66.6
61.3
58.4
57.9
63.6
61.1
60.1
59.1
57.2
51.3
35.5
SequenceSingle-cellStructureNetworkChemicalPerturbationPhenotypeImaging
Text
Avg
0
25
50
75
100
Cell Score (%)
(a) Avg. score on successful tasks
MLEvolvege
STELLAcla+ge
Biomnicla
MLMaster-2.0dv4
GPT-5.4
GLM-5.1
Claude-Opus-4.6
Gemini-3.1-Pro
Gemma-4-31B
Qwen3.6-Plus
DeepSeek-V3.2
76.5 79.8 75.0 51.0 86.9 80.1 57.3 60.6 61.1
75.3 79.9 55.0 49.7 87.8 74.0 57.4 74.4 64.1
65.7 80.8 65.0 49.7 82.6 71.7 62.5 65.9 47.4
73.8 69.3 54.4 50.9 90.6 66.2 55.7 71.9 47.1
74.8 67.3 83.6 50.7 86.6 62.6 57.3 68.7 56.5
72.1 75.3 82.4 51.1 89.4 67.2 65.0 58.6 39.3
73.9 70.9 83.0 50.9 80.7 66.6 58.0 65.6 56.5
74.5 68.1 73.8 51.0 82.7 64.0 56.0 63.5 60.7
71.0 75.9 73.0 57.4 85.3 57.0 54.8 65.4 39.0
67.3 76.4 66.6 50.9 84.4 58.1 52.8 71.1 43.6
64.1 65.1 63.9 49.6 58.4 57.4 45.9 67.6 42.0
70.3
68.5
65.7
65.2
68.1
67.2
66.9
66.3
66.1
64.2
57.4
SequenceSingle-cellStructureNetworkChemicalPerturbationPhenotypeImaging
Text
Avg
(b) Penalized avg. score on all tasks
MLEvolvege
STELLAcla+ge
MLMaster-2.0dv4
Biomnicla
GPT-5.4
Gemini-3.1-Pro
GLM-5.1
Qwen3.6-Plus
Claude-Opus-4.6
Gemma-4-31B
DeepSeek-V3.2
76.5 79.8 75.0 51.0 86.9 60.1 50.2 60.6 53.4
67.7 55.9 48.1 49.7 87.8 55.5 57.4 65.1 64.1
73.8 55.4 40.8 50.9 90.6 57.9 48.8 62.9 41.2
52.6 64.6 56.9 49.7 72.3 62.8 54.7 65.9 41.5
74.8 67.3 83.6 50.7 86.6 39.1 50.1 60.1 56.5
59.6 68.1 73.8 51.0 82.7 40.0 49.0 63.5 60.7
64.9 75.3 82.4 51.1 89.4 33.6 48.7 51.3 39.3
60.5 76.4 66.6 44.5 84.4 36.3 52.8 62.2 43.6
66.5 49.6 72.6 50.9 60.5 41.6 50.7 65.6 56.5
56.8 68.3 73.0 43.0 74.6 21.4 41.1 49.0 29.3
25.7 52.1 39.9 43.4 36.5 14.4 28.7 50.7 26.2
66.6
61.3
58.4
57.9
63.6
61.1
60.1
59.1
57.2
51.3
35.5
SequenceSingle-cellStructureNetworkChemicalPerturbationPhenotypeImaging
Text
Avg
0
25
50
75
100
Cell Score (%)
Figure 3:Main-experiment scores and failure profile.Panel (a) averages normalized score only
over successfully evaluated tasks, by domain and overall. Panel (b) averages over all 76 tasks and
assigns each failed run with score 0 as a penalty. Panel (c) splits each agent’s 76 runs into successful
OKruns, meaning submissions that pass the task-specific evaluator and receive a valid score.
1 and are linearly mapped to 0 to 1, while metrics already in [0,1] are used directly. Degenerate
constant regression predictions make correlation undefined and receive score 0 in aggregate tables;
evaluator, grading, and metric-selection details are in App. A2.7 for the full methodological rationale.
3 Experiments and Results
The main leaderboard is organized in two tiers. We evaluate four published agent frameworks with
their full scaffolds, and use our simple agent framework to compare seven general LLM backbones
selected for strong reported coding ability, yielding 11 evaluated configurations. The published
frameworks include two biomedical reasoning agents (Biomni [5] and STELLA [6]) and two ML
coding agents (MLEvolve [22] and MLMaster-2.0 [23]). Our simple agent framework uses a code-
extract-run-repair pipeline: it obtains Python code from the LLM, runs local model training and
validation, checks the submission, and reports task-specific metrics; details are in App. A3.1.1. The
framework is paired with four closed-source general LLMs (GPT-5.4 [15], Claude Opus 4.6 [16],
Qwen3.6-Plus [17], and Gemini-3.1-Pro [18]) and three open-source general LLMs (GLM-5.1 [19],
Gemma-4-31B [20], and DeepSeek-V3.2 [21]). For the four published agent frameworks, we stay as
close as possible to the original papers while using newer same-family LLMs whenever available:
Biomnicla uses Claude Sonnet 4, STELLAcla+ge uses Claude Sonnet 4.6 for Dev/Tool-Creation and
Gemini-3.1-Pro for Manager/Critic, MLEvolvege uses Gemini-3.1-Pro, and MLMaster-2.0dv4 uses
DeepSeek-V4-Pro. In the controlled ablation study in § 3.4, all four scaffolds use DeepSeek-V3.2;
model substitution details are in App. A3.1. Figures and tables use compact subscripts for these
scaffolded rows:gedenotes Gemini-3.1-Pro,dv4denotes DeepSeek-V4-Pro,cladenotes the Claude-
family model,cla+gedenotes STELLA’s mixed configuration, anddv3denotes DeepSeek-V3.2.
Implementation details.Every task runs in the same sandbox: one NVIDIA A100 GPU, 64 GB
RAM, and a 2-hour hard wall-clock. General LLMs receive at most three code-generation attempts
5

## Page 6

Proportion of Different ML Models Runtime DecompositionProportion of Different ML Models
Figure 4:Proportion of different ML models and runtime decomposition for each agent. Left:
Each agent uses one type of ML model for one task, then we report the proportion of different
ML models used across all successfully evaluated tasks. Traditional families include boosted trees,
forests/ensembles, and linear/baseline models; neural families include MLPs, non-pretrained DNNs,
and pretrained/transformer-based large models.Middle: the same breakdown for the fixed DeepSeek-
V3.2 ablation.Right: wall-clock runtime decomposition for the nine non-search-loop agents,
with radial lengths square-root scaled. Agent/LLM time covers non-training interaction, planning,
execution, and search overhead, while model-training time is separate from them. MLEvolvege and
MLMaster-2.0dv4 are omitted from the right panel because they always run until the time limit 2h.
per task, whereas published agent frameworks keep their own retry logic, but all rows share the same
timeout, hidden evaluator, and output contract. For each agent–task pair we record submission status,
evaluator success, raw metric, normalized 0-to-1 score, runtime, token usage, and API-cost estimate.
Experiment organization.We first report the main 11-agent leaderboard in § 3.1, then examine
robustness in § 3.2, time-budget scaling in § 3.3, scaffold/backbone ablations in § 3.4, and a human
expert pilot in§ 3.5. The appendix is organized to separate three types of supporting material: App. A2
gives additional benchmark details, including task metadata, data sources, layout, curation, and
evaluators; App. A3 documents implementation details for runners, prompts, and cluster configuration;
and App. A4 reports experimental details, including per-agent and domain analyses, task-level results,
model choices, cost, failures, case studies, robustness, ablations, scaling, and the human baseline.
3.1 Main leaderboard
Figure 3 summarizes the main 11-agent-configuration leaderboard from three complementary views:
mean score on successfully evaluated tasks, penalized average over all tasks with failures scored as
zero, and success/failure breakdown. We use the penalized all-task average as the primary metric
because it rewards both modeling quality and end-to-end completion. Exact per-agent statistics, failure
definitions, domain-level analyses, and task-level extremes are reported in App. A4.1, App. A4.2, and
App. A4.4, leaving the main text to focus on cross-agent patterns and benchmark-level takeaways.
Overall leaderboard.MLEvolve with Gemini-3.1-Pro ranks first on the primary penalized metric
(66.6), combining strong submitted modeling solutions with 72/76 valid runs and only four missing
submissions. GPT-5.4 is the strongest general code agent (63.6) and the only row that submits on
all 76 tasks, while STELLA has the highest average score among successful tasks (68.5) but loses
ground because eight tasks fail evaluation. These results separate search-guided model building,
execution reliability, and conditional modeling quality: specialized BioML agents are competitive,
but strong general coding LLMs remain difficult to dominate under the same 2-hour, single-GPU
evaluation protocol across domains, where failure and score are evaluated together across all rows.
Domain patterns.Performance varies sharply across nine biomedical domains: chemical biology is
easiest on penalized average (77.5), followed by structure (64.9), single-cell (64.7), and sequence
(62.1), whereas perturbation dynamics (42.1), text-integrated tasks (46.5), and the phenotype/network
6

## Page 7

(a) Mean(succ) – Eval-OK tasks
MLEvolve
ML-Master 2.0
Biomni
STELLA
DeepSeek-V3.2
71.3 84.3 64.5 46.0 89.6 62.0 51.5 63.2 51.2
64.7 77.3 44.9 50.9 90.4 64.1 47.0 68.6 54.7
73.1 77.7 59.5 50.6 85.7 65.2 55.9 41.9 43.8
69.5 56.0 38.4 50.0 81.7 61.8 56.8 66.1 28.0
64.1 65.1 63.9 49.6 58.4 57.4 45.9 67.6 42.0
65.9
64.0
62.3
58.4
57.4
SequenceSingle-cellStructureNetworkChemicalPerturbationPhenotypeImaging
Text
Avg
(b) Mean(fail=0) – all tasks
MLEvolve
ML-Master 2.0
Biomni
STELLA
DeepSeek-V3.2
64.2 75.8 64.5 46.0 89.6 54.3 45.1 55.3 38.4
58.2 77.3 33.7 50.9 90.4 40.1 41.1 60.0 34.2
73.1 62.2 52.0 50.6 53.6 65.2 48.9 31.4 27.3
62.5 44.8 24.0 37.5 61.3 46.4 56.8 49.5 14.0
25.7 52.1 39.9 43.4 36.5 14.4 28.7 50.7 26.2
59.8
54.7
52.4
44.6
35.5
SequenceSingle-cellStructureNetworkChemicalPerturbationPhenotypeImaging
Text
Avg
0
25
50
75
100
Cell Score (%)
(a) Mean(succ) – Eval-OK tasks
MLEvolve
ML-Master 2.0
Biomni
STELLA
DeepSeek-V3.2
71.3 84.3 64.5 46.0 89.6 62.0 51.5 63.2 51.2
64.7 77.3 44.9 50.9 90.4 64.1 47.0 68.6 54.7
73.1 77.7 59.5 50.6 85.7 65.2 55.9 41.9 43.8
69.5 56.0 38.4 50.0 81.7 61.8 56.8 66.1 28.0
64.1 65.1 63.9 49.6 58.4 57.4 45.9 67.6 42.0
65.9
64.0
62.3
58.4
57.4
SequenceSingle-cellStructureNetworkChemicalPerturbationPhenotypeImaging
Text
Avg
(b) Mean(fail=0) – all tasks
MLEvolve
ML-Master 2.0
Biomni
STELLA
DeepSeek-V3.2
64.2 75.8 64.5 46.0 89.6 54.3 45.1 55.3 38.4
58.2 77.3 33.7 50.9 90.4 40.1 41.1 60.0 34.2
73.1 62.2 52.0 50.6 53.6 65.2 48.9 31.4 27.3
62.5 44.8 24.0 37.5 61.3 46.4 56.8 49.5 14.0
25.7 52.1 39.9 43.4 36.5 14.4 28.7 50.7 26.2
59.8
54.7
52.4
44.6
35.5
SequenceSingle-cellStructureNetworkChemicalPerturbationPhenotypeImaging
Text
Avg
0
25
50
75
100
Cell Score (%)
(a) Mean(succ) – Eval-OK tasks
MLEvolve
ML-Master 2.0
Biomni
STELLA
DeepSeek-V3.2
71.3 84.3 64.5 46.0 89.6 62.0 51.5 63.2 51.2
64.7 77.3 44.9 50.9 90.4 64.1 47.0 68.6 54.7
73.1 77.7 59.5 50.6 85.7 65.2 55.9 41.9 43.8
69.5 56.0 38.4 50.0 81.7 61.8 56.8 66.1 28.0
64.1 65.1 63.9 49.6 58.4 57.4 45.9 67.6 42.0
65.9
64.0
62.3
58.4
57.4
SequenceSingle-cellStructureNetworkChemicalPerturbationPhenotypeImaging
Text
Avg
(b) Mean(fail=0) – all tasks
MLEvolve
ML-Master 2.0
Biomni
STELLA
DeepSeek-V3.2
64.2 75.8 64.5 46.0 89.6 54.3 45.1 55.3 38.4
58.2 77.3 33.7 50.9 90.4 40.1 41.1 60.0 34.2
73.1 62.2 52.0 50.6 53.6 65.2 48.9 31.4 27.3
62.5 44.8 24.0 37.5 61.3 46.4 56.8 49.5 14.0
25.7 52.1 39.9 43.4 36.5 14.4 28.7 50.7 26.2
59.8
54.7
52.4
44.6
35.5
SequenceSingle-cellStructureNetworkChemicalPerturbationPhenotypeImaging
Text
Avg
0
25
50
75
100
Cell Score (%)
(a) Mean(succ) – Eval-OK tasks
MLEvolve
ML-Master 2.0
Biomni
STELLA
DeepSeek-V3.2
71.3 84.3 64.5 46.0 89.6 62.0 51.5 63.2 51.2
64.7 77.3 44.9 50.9 90.4 64.1 47.0 68.6 54.7
73.1 77.7 59.5 50.6 85.7 65.2 55.9 41.9 43.8
69.5 56.0 38.4 50.0 81.7 61.8 56.8 66.1 28.0
64.1 65.1 63.9 49.6 58.4 57.4 45.9 67.6 42.0
65.9
64.0
62.3
58.4
57.4
SequenceSingle-cellStructureNetworkChemicalPerturbationPhenotypeImaging
Text
Avg
(b) Mean(fail=0) – all tasks
MLEvolve
ML-Master 2.0
Biomni
STELLA
DeepSeek-V3.2
64.2 75.8 64.5 46.0 89.6 54.3 45.1 55.3 38.4
58.2 77.3 33.7 50.9 90.4 40.1 41.1 60.0 34.2
73.1 62.2 52.0 50.6 53.6 65.2 48.9 31.4 27.3
62.5 44.8 24.0 37.5 61.3 46.4 56.8 49.5 14.0
25.7 52.1 39.9 43.4 36.5 14.4 28.7 50.7 26.2
59.8
54.7
52.4
44.6
35.5
SequenceSingle-cellStructureNetworkChemicalPerturbationPhenotypeImaging
Text
Avg
0
25
50
75
100
Cell Score (%)
(a) Avg. score on successful tasks
(c) Success and failure breakdown on all tasks
(b) Penalized avg. score on all tasks(a) Avg. score on successful tasks
MLEvolvedv3
MLMaster-2.0dv3
Biomnidv3
STELLAdv3
DeepSeek-V3.2
71.3 84.3 64.5 46.0 89.6 62.0 51.5 63.2 51.2
64.7 77.3 44.9 50.9 90.4 64.1 47.0 68.6 54.7
73.1 77.7 59.5 50.6 85.7 65.2 55.9 41.9 43.8
69.5 56.0 38.4 50.0 81.7 61.8 56.8 66.1 28.0
64.1 65.1 63.9 49.6 58.4 57.4 45.9 67.6 42.0
65.9
64.0
62.3
58.4
57.4
SequenceSingle-cellStructureNetworkChemicalPerturbationPhenotypeImaging
Text
Avg
(b) Penalized avg. score on all tasks
MLEvolvedv3
MLMaster-2.0dv3
Biomnidv3
STELLAdv3
DeepSeek-V3.2
64.2 75.8 64.5 46.0 89.6 54.3 45.1 55.3 38.4
58.2 77.3 33.7 50.9 90.4 40.1 41.1 60.0 34.2
73.1 62.2 52.0 50.6 53.6 65.2 48.9 31.4 27.3
62.5 44.8 24.0 37.5 61.3 46.4 56.8 49.5 14.0
25.7 52.1 39.9 43.4 36.5 14.4 28.7 50.7 26.2
59.8
54.7
52.4
44.6
35.5
SequenceSingle-cellStructureNetworkChemicalPerturbationPhenotypeImaging
Text
Avg
0
25
50
75
100
Cell Score (%)
(a) Avg. score on successful tasks
MLEvolvedv3
MLMaster-2.0dv3
Biomnidv3
STELLAdv3
DeepSeek-V3.2
71.3 84.3 64.5 46.0 89.6 62.0 51.5 63.2 51.2
64.7 77.3 44.9 50.9 90.4 64.1 47.0 68.6 54.7
73.1 77.7 59.5 50.6 85.7 65.2 55.9 41.9 43.8
69.5 56.0 38.4 50.0 81.7 61.8 56.8 66.1 28.0
64.1 65.1 63.9 49.6 58.4 57.4 45.9 67.6 42.0
65.9
64.0
62.3
58.4
57.4
SequenceSingle-cellStructureNetworkChemicalPerturbationPhenotypeImaging
Text
Avg
(b) Penalized avg. score on all tasks
MLEvolvedv3
MLMaster-2.0dv3
Biomnidv3
STELLAdv3
DeepSeek-V3.2
64.2 75.8 64.5 46.0 89.6 54.3 45.1 55.3 38.4
58.2 77.3 33.7 50.9 90.4 40.1 41.1 60.0 34.2
73.1 62.2 52.0 50.6 53.6 65.2 48.9 31.4 27.3
62.5 44.8 24.0 37.5 61.3 46.4 56.8 49.5 14.0
25.7 52.1 39.9 43.4 36.5 14.4 28.7 50.7 26.2
59.8
54.7
52.4
44.6
35.5
SequenceSingle-cellStructureNetworkChemicalPerturbationPhenotypeImaging
Text
Avg
0
25
50
75
100
Cell Score (%)
Figure 5:Fixed LLM backbone ablation study over different agent scaffolds.The layout follows
Figure 3, but every agent uses DeepSeek-V3.2 as backbone. Panel (a) averages successful-only
tasks, panel (b) averages all 76 tasks with failed tasks scored zero as a penalty, and panel (c) shows
success/failure categories. The simple agent with DeepSeek-V3.2 row is the baseline; the other rows
have Biomnidv3, STELLAdv3, MLMaster-2.0dv3, or MLEvolvedv3. Details are in App. A4.11.
domains (48.5–48.8) are hardest. No single agent leads every domain, underscoring domain-specific
